markshare_4_0, 2, 2, 0.0, 1258715, 1258715
markshare_4_0, 2, 1, 0.0, 1447785, 1447785
markshare_4_0, 2, 0, 0.0, 1604975, 1604975
markshare_4_0, 2, 3, 0.0, 1436015, 1436015
markshare_4_0, 1, 3, 0.0, 1436015, 1436015
markshare_4_0, 3, 2, 0.0, 1258715, 1258715
markshare_4_0, 1, 4, 0.0, 1436019, 1436019
markshare_4_0, 3, 4, 0.0, 1436019, 1436019
markshare_4_0, 3, 6, 0.0, 1449091, 1449091
markshare_4_0, 3, 5, 0.0, 1436001, 1436001
markshare_4_0, 2, 6, 0.0, 1449091, 1449091
markshare_4_0, 3, 7, 0.0, 1449181, 1449181
markshare_4_0, 3, 8, 0.0, 1448567, 1448567
markshare_4_0, 1, 5, 0.0, 1436001, 1436001
markshare_4_0, 2, 9, 0.0, 1448615, 1448615
markshare_4_0, 3, 1, 0.0, 1447785, 1447785
markshare_4_0, 1, 8, 0.0, 1448567, 1448567
markshare_4_0, 2, 4, 0.0, 1436019, 1436019
markshare_4_0, 3, 0, 0.0, 1604975, 1604975
markshare_4_0, 2, 5, 0.0, 1436001, 1436001
markshare_4_0, 2, 10, 0.0, 1448555, 1448555
markshare_4_0, 1, 2, 0.0, 1258715, 1258715
markshare_4_0, 1, 9, 0.0, 1448615, 1448615
mas76, 2, 1, 38941.1923335481, 496137, 496137
markshare_4_0, 3, 9, 0.0, 1448615, 1448615
markshare_4_0, 3, 10, 0.0, 1448529, 1448529
mas76, 3, 2, 38950.44079417416, 477635, 477635
mas76, 3, 1, 38945.53378850837, 478177, 478177
markshare_4_0, 1, 1, 0.0, 1447785, 1447785
markshare_4_0, 3, 3, 0.0, 1436015, 1436015
pk1, 2, 4, 0.0, 251573, 251573
markshare_4_0, 1, 7, 0.0, 1449181, 1449181
pk1, 3, 7, 0.0, 251619, 251619
pk1, 3, 5, 0.0, 251573, 251573
mas76, 3, 10, 38982.65382841576, 415321, 415321
mas76, 2, 4, 38979.46368141323, 484973, 484973
pk1, 1, 7, 0.0, 257635, 257635
pk1, 1, 2, 0.0, 251917, 251917
pk1, 3, 6, 0.0, 253603, 253603
mas76, 3, 5, 38977.67102362344, 517077, 517077
mas76, 2, 0, 38893.903640522636, 573253, 573253
pk1, 3, 8, 0.0, 268029, 268029
mas76, 1, 0, 38893.903640522636, 573253, 573253
pk1, 3, 0, 0.0, 261609, 261609
pk1, 1, 8, 0.0, 257635, 257635
pk1, 2, 7, 0.0, 260285, 260285
mas76, 1, 7, 38970.92851912271, 501229, 501229
mas76, 3, 0, 38893.903640522636, 573253, 573253
pk1, 1, 10, 0.0, 273569, 273569
pk1, 1, 9, 0.0, 273569, 273569
mas76, 1, 9, 38979.336247370564, 483517, 483517
mas76, 3, 8, 38979.316437428766, 502111, 502111
pk1, 2, 8, 0.0, 251651, 251651
pk1, 2, 1, 0.0, 265917, 265917
markshare_4_0, 1, 10, 0.0, 1448555, 1448555
mas76, 1, 5, 38959.63089823869, 516015, 516015
pk1, 2, 0, 0.0, 263513, 263513
pk1, 3, 3, 0.0, 254465, 254465
pk1, 3, 1, 0.0, 259581, 259581
pk1, 2, 2, 0.0, 251581, 251581
pk1, 1, 0, 0.0, 272743, 272743
mas76, 2, 6, 38990.17024152255, 601159, 601159
pk1, 1, 5, 0.0, 268271, 268271
pk1, 1, 3, 0.0, 257429, 257429
mas76, 1, 8, 38970.928519122695, 617253, 617253
markshare_4_0, 2, 7, 0.0, 1449181, 1449181
markshare_4_0, 2, 8, 0.0, 1448567, 1448567
mas76, 3, 3, 38955.75537189142, 510613, 510613
pk1, 3, 2, 0.0, 259581, 259581
mas76, 2, 10, 39000.80148810781, 467977, 467977
mas76, 2, 7, 38998.37911933402, 481349, 481349
pk1, 2, 3, 0.0, 278259, 278259
mas76, 1, 4, 38955.20178459528, 610279, 610279
mas76, 2, 2, 38972.309905201495, 543477, 543477
mas76, 1, 10, 38981.80310719967, 489647, 489647
mas76, 3, 6, 38977.67102362345, 498367, 498367
mas76, 2, 3, 38972.309905201495, 543477, 543477
mas76, 1, 3, 38954.197097150194, 597079, 597079
pk1, 3, 10, 0.0, 265459, 265459
pk1, 3, 9, 0.0, 262217, 262217
mas76, 1, 6, 38965.68704932434, 608987, 608987
pk1, 1, 4, 0.0, 268015, 268015
pk1, 2, 9, 0.0, 254495, 254495
pk1, 3, 4, 0.0, 259113, 259113
mas76, 3, 7, 38982.11465554618, 554731, 554731
pk1, 1, 6, 0.0, 257635, 257635
markshare_4_0, 1, 6, 0.0, 1449091, 1449091
mas76, 2, 8, 39000.19125841509, 571943, 571943
mas76, 1, 1, 38951.62839616014, 481473, 481473
pk1, 2, 6, 0.0, 248725, 248725
mas76, 2, 9, 39000.188572695166, 583773, 583773
pk1, 1, 1, 0.0, 256395, 256395
pk1, 2, 5, 0.0, 262963, 262963
mas76, 3, 9, 38979.41356882412, 516665, 516665
mas76, 3, 4, 38963.2246296035, 506617, 506617
mas76, 1, 2, 38954.19709715028, 603395, 603395
istanbul-no-cutoff, 3, 9, 63.980410642260495, 4957, 4957
mas76, 2, 5, 38987.02213855123, 664491, 664491
istanbul-no-cutoff, 1, 0, 51.110000000000014, 5687, 5687
pk1, 2, 10, 0.0, 255959, 255959
istanbul-no-cutoff, 1, 2, 58.055247897882225, 5665, 5665
istanbul-no-cutoff, 1, 5, 64.57494353741231, 5625, 5625
istanbul-no-cutoff, 3, 1, 54.07761815626293, 5603, 5603
istanbul-no-cutoff, 2, 0, 51.110000000000014, 5679, 5679
istanbul-no-cutoff, 1, 3, 58.799676145005435, 5669, 5669
rmatr100-p10, 2, 0, 360.5933075169578, 573, 573
rmatr100-p10, 1, 4, 363.0305225597825, 573, 573
rmatr100-p10, 3, 0, 360.5933075169578, 573, 573
istanbul-no-cutoff, 3, 0, 51.110000000000014, 5677, 5677
rmatr100-p10, 3, 1, 361.48989922293777, 573, 573
rmatr100-p10, 1, 5, 363.11082983336104, 573, 573
istanbul-no-cutoff, 2, 8, 64.79631136180097, 5183, 5183
istanbul-no-cutoff, 2, 7, 64.06781643107774, 5337, 5337
rmatr100-p10, 2, 9, 363.70356448918983, 573, 573
istanbul-no-cutoff, 3, 10, 63.99045027972599, 4999, 4999
istanbul-no-cutoff, 3, 6, 61.70703697778606, 5607, 5607
rmatr100-p10, 1, 9, 363.63919013258834, 573, 573
seymour1, 1, 5, 405.96840986248293, 1763, 1763
rmatr100-p10, 2, 7, 363.447180921653, 573, 573
rmatr100-p10, 1, 6, 363.4353433864637, 573, 573
rmatr100-p10, 3, 9, 363.7461057245651, 573, 573
seymour1, 1, 7, 406.16396844254814, 1635, 1635
rmatr100-p10, 3, 10, 363.78754194940944, 573, 573
rmatr100-p10, 2, 8, 363.58442576280953, 573, 573
istanbul-no-cutoff, 2, 3, 60.3469120358468, 5595, 5595
istanbul-no-cutoff, 1, 10, 65.10081743504404, 5909, 5909
istanbul-no-cutoff, 2, 4, 63.84768409462737, 5421, 5421
istanbul-no-cutoff, 1, 9, 64.88633156319659, 5197, 5197
istanbul-no-cutoff, 1, 6, 64.66744616274138, 5637, 5637
rmatr100-p10, 1, 1, 361.4898992229378, 573, 573
rmatr100-p10, 2, 1, 361.48989922293777, 573, 573
seymour1, 1, 6, 406.13086813923627, 1739, 1739
rmatr100-p10, 3, 4, 363.29344736550183, 573, 573
rmatr100-p10, 1, 3, 362.6817741445987, 573, 573
istanbul-no-cutoff, 3, 2, 55.22459113276142, 6041, 6041
istanbul-no-cutoff, 1, 7, 64.80556582541493, 5423, 5423
istanbul-no-cutoff, 3, 3, 58.746925247045, 6151, 6151
rmatr100-p10, 2, 6, 363.471426238027, 573, 573
seymour1, 2, 7, 406.0069449773804, 2293, 2293
rmatr100-p10, 2, 2, 362.2882664255796, 573, 573
rmatr100-p10, 3, 7, 363.59256524128403, 573, 573
rmatr100-p10, 3, 8, 363.6638770702274, 573, 573
rmatr100-p10, 1, 0, 360.5933075169578, 573, 573
rmatr100-p10, 2, 3, 362.6817741445986, 573, 573
rmatr100-p10, 3, 5, 363.37579221198536, 573, 573
istanbul-no-cutoff, 3, 4, 59.53730881327391, 5625, 5625
rmatr100-p10, 3, 6, 363.47503795697173, 573, 573
seymour1, 3, 8, 405.7175915236784, 2149, 2149
seymour1, 2, 2, 405.30579846286605, 2469, 2469
seymour1, 2, 9, 406.0133584649126, 2105, 2105
seymour1, 2, 10, 406.1253229230201, 2111, 2111
seymour1, 1, 8, 406.2473145516092, 1609, 1609
seymour1, 1, 2, 404.67331008260214, 2563, 2563
seymour1, 1, 10, 406.35071679160023, 1545, 1545
seymour1, 2, 3, 405.4967803971073, 2547, 2547
rmatr100-p10, 1, 2, 362.2882664255797, 573, 573
istanbul-no-cutoff, 2, 2, 53.255410040591926, 5365, 5365
istanbul-no-cutoff, 2, 9, 65.90665662779082, 5467, 5467
seymour1, 3, 3, 405.01779864853836, 2421, 2421
seymour1, 3, 10, 405.9680867623926, 2235, 2235
rmatr100-p10, 2, 5, 363.11082983336115, 573, 573
rmatr100-p10, 2, 4, 363.03052255978264, 573, 573
istanbul-no-cutoff, 2, 10, 65.85543292199277, 5325, 5325
seymour1, 1, 4, 405.1540439969353, 2311, 2311
neos5, 1, 6, 13.309940955744397, 978807, 978807
seymour1, 3, 4, 405.16174015759645, 2451, 2451
seymour1, 1, 9, 406.2860397342356, 1563, 1563
istanbul-no-cutoff, 3, 8, 63.223768507386126, 4949, 4949
seymour1, 2, 4, 405.65385394249427, 2629, 2629
seymour1, 3, 5, 405.28299606133544, 2517, 2517
seymour1, 2, 1, 404.91257347959436, 2761, 2761
istanbul-no-cutoff, 1, 1, 58.055247897882225, 5665, 5665
seymour1, 1, 3, 404.8271795389185, 2769, 2769
istanbul-no-cutoff, 3, 7, 63.012387819468785, 4863, 4863
istanbul-no-cutoff, 1, 8, 64.88633156319658, 5925, 5925
seymour1, 3, 0, 403.846474125193, 3317, 3317
gen-ip002, 3, 2, -4839.639530759909, 4847039, 4847039
gen-ip002, 2, 1, -4839.794128215536, 4754633, 4754633
gen-ip002, 2, 4, -4838.171230415029, 4735199, 4735199
gen-ip002, 3, 0, -4840.541961300889, 4798145, 4798145
gen-ip002, 3, 4, -4838.171230415027, 4735199, 4735199
istanbul-no-cutoff, 1, 4, 60.395269702527344, 5629, 5629
rmatr100-p10, 3, 2, 362.41847093986036, 573, 573
gen-ip002, 1, 5, -4837.9770216633815, 4696533, 4696533
gen-ip002, 2, 6, -4837.830446295321, 4621045, 4621045
gen-ip002, 1, 2, -4839.639530759908, 4847039, 4847039
gen-ip002, 3, 5, -4837.977021663382, 4696533, 4696533
seymour1, 3, 9, 405.76478863217216, 2147, 2147
gen-ip002, 3, 6, -4837.83044629532, 4621045, 4621045
gen-ip002, 2, 7, -4837.710574717151, 4662033, 4662033
rmatr100-p10, 1, 7, 363.5390882395535, 573, 573
seymour1, 3, 7, 405.7135961752509, 2151, 2151
rmatr100-p10, 2, 10, 363.77006486628846, 573, 573
seymour1, 2, 5, 405.8784838139951, 2149, 2149
gen-ip002, 2, 2, -4839.639530759907, 4847039, 4847039
rmatr100-p10, 1, 10, 363.68774478615506, 573, 573
gen-ip002, 1, 3, -4839.088566828859, 4952621, 4952621
gen-ip002, 1, 9, -4837.667459334981, 5014985, 5014985
gen-ip002, 2, 10, -4837.4132259246635, 4662033, 4662033
gen-ip002, 1, 8, -4837.733238717408, 5014985, 5014985
neos5, 1, 5, 13.291818181818183, 988735, 988735
binkar10_1, 2, 9, 6699.986654685055, 69621, 69621
mas74, 1, 0, 10482.79528033121, 4443525, 4443525
gen-ip002, 3, 8, -4837.733238717403, 5014985, 5014985
binkar10_1, 1, 9, 6699.986654685055, 69937, 69937
mas74, 3, 0, 10482.79528033121, 4443525, 4443525
mas74, 2, 0, 10482.79528033121, 4443525, 4443525
neos5, 1, 2, 13.166666666666666, 1491915, 1491915
gen-ip002, 3, 9, -4837.667459334981, 5014985, 5014985
seymour1, 1, 1, 404.67331008260214, 2563, 2563
seymour1, 3, 1, 404.7602851446553, 2669, 2669
binkar10_1, 1, 10, 6701.131535219787, 70189, 70189
neos5, 3, 5, 13.268908303223041, 1084537, 1084537
mas74, 2, 1, 10526.700380831488, 4539439, 4539439
mas74, 2, 2, 10530.043632456847, 4490455, 4490455
mas74, 1, 4, 10554.053518576866, 4503715, 4503715
mas74, 1, 1, 10533.547540513013, 4744829, 4744829
neos5, 3, 8, 13.354036203584966, 1078189, 1078189
istanbul-no-cutoff, 2, 1, 52.67186376475263, 5389, 5389
rmatr100-p10, 3, 3, 362.9733782396289, 573, 573
neos5, 1, 0, 13.0, 1177841, 1177841
istanbul-no-cutoff, 2, 6, 63.29805986598137, 5433, 5433
mas74, 2, 9, 10575.867613530138, 4390083, 4390083
neos5, 1, 9, 13.337999633358459, 1078359, 1078359
mas74, 3, 1, 10526.366700840654, 5160001, 5160001
rmatr100-p10, 1, 8, 363.5612440996087, 573, 573
gen-ip002, 1, 1, -4839.794128215535, 4754633, 4754633
mas74, 3, 9, 10582.490398687776, 4546557, 4546557
neos5, 1, 8, 13.319099877541978, 911571, 911571
gen-ip002, 1, 0, -4840.541961300889, 4798145, 4798145
mas74, 3, 4, 10559.046483941873, 4721833, 4721833
mas74, 1, 5, 10555.043284434983, 4737333, 4737333
mas74, 1, 6, 10557.669854506663, 4823457, 4823457
mas74, 3, 8, 10580.655348149297, 4663527, 4663527
istanbul-no-cutoff, 2, 5, 63.25736418561496, 5421, 5421
neos5, 1, 1, 13.250000000000002, 1423127, 1423127
gen-ip002, 3, 7, -4837.71057471715, 4662033, 4662033
neos5, 3, 2, 13.166666666666666, 1449043, 1449043
neos5, 2, 7, 13.289121114683816, 1269981, 1269981
mik-250-20-75-4, 1, 10, -54202.48245193865, 82707, 82707
mik-250-20-75-4, 1, 9, -54334.504093506635, 88615, 88615
n5-3, 1, 9, 6618.342129472712, 15293, 15293
mas74, 2, 5, 10554.40857858091, 5248087, 5248087
seymour1, 2, 6, 405.93076440115703, 2393, 2393
mas74, 2, 6, 10554.40857858091, 5248087, 5248087
gen-ip002, 1, 10, -4837.413225924663, 4662033, 4662033
n5-3, 2, 10, 6628.414452129512, 12519, 12519
seymour1, 2, 8, 405.98884729117214, 2103, 2103
neos5, 2, 1, 13.083333333333334, 1521287, 1521287
gen-ip002, 1, 6, -4837.830446295322, 4621045, 4621045
gen-ip002, 2, 5, -4837.977021663379, 4696533, 4696533
istanbul-no-cutoff, 3, 5, 61.65863149741551, 5607, 5607
neos5, 3, 10, 13.367449494892716, 974505, 974505
binkar10_1, 3, 9, 6699.986654685055, 69081, 69081
gen-ip002, 3, 3, -4839.08856682886, 4952621, 4952621
binkar10_1, 2, 10, 6701.131535219789, 70703, 70703
neos5, 2, 0, 13.0, 1220119, 1220119
gen-ip002, 3, 10, -4837.413225924663, 4662033, 4662033
gen-ip002, 2, 9, -4837.667459334981, 5014985, 5014985
mas74, 1, 9, 10568.190479525278, 5354275, 5354275
n5-3, 1, 10, 6594.556604098417, 16935, 16935
seymour1, 3, 2, 404.7602851446553, 2669, 2669
gen-ip002, 2, 0, -4840.541961300889, 4798145, 4798145
mas74, 1, 2, 10544.179396218942, 4466247, 4466247
mas74, 2, 3, 10546.199964591598, 4373183, 4373183
n5-3, 2, 9, 6600.8456031462565, 11979, 11979
neos5, 3, 0, 13.0, 995431, 995431
seymour1, 3, 6, 405.2762733924144, 2479, 2479
binkar10_1, 3, 10, 6701.131535219789, 69905, 69905
neos5, 1, 7, 13.317129817299117, 967135, 967135
mik-250-20-75-4, 3, 10, -54171.55995272188, 52403, 52403
mik-250-20-75-4, 2, 9, -54268.43679221615, 97167, 97167
neos5, 3, 4, 13.2448049017978, 1169581, 1169581
neos5, 2, 8, 13.330303308709441, 975557, 975557
mas74, 2, 8, 10574.457905896357, 4433073, 4433073
mik-250-20-75-4, 2, 10, -54185.77067958058, 56685, 56685
mik-250-20-75-4, 3, 9, -54268.873057198616, 83553, 83553
neos5, 2, 4, 13.256912442396315, 1694997, 1694997
n5-3, 2, 7, 6454.073027051219, 20541, 20541
gen-ip002, 2, 3, -4839.088566828859, 4952621, 4952621
mas74, 3, 6, 10573.897694045083, 4722627, 4722627
neos5, 3, 7, 13.337266302162098, 1169879, 1169879
n5-3, 2, 8, 6536.472874943129, 15379, 15379
seymour1, 1, 0, 403.846474125193, 3261, 3261
neos5, 2, 10, 13.346114741353238, 1594229, 1594229
mik-250-20-75-4, 1, 7, -54635.42816140087, 219117, 219117
mas74, 3, 2, 10544.267679348277, 5244089, 5244089
supportcase26, 3, 10, 1375.8060881271315, 191053, 191053
mik-250-20-75-4, 2, 8, -54574.309976481265, 152453, 152453
neos5, 3, 9, 13.357994099228918, 1071579, 1071579
n5-3, 3, 10, 6489.734787874464, 18777, 18777
n5-3, 3, 9, 6425.998418333008, 19843, 19843
neos5, 2, 3, 13.242957746478872, 1477267, 1477267
neos5, 3, 6, 13.320160018370222, 1152723, 1152723
seymour1, 2, 0, 403.846474125193, 3241, 3241
n5-3, 3, 8, 6382.843769690105, 22383, 22383
neos5, 1, 4, 13.176229508196723, 1509777, 1509777
gen-ip002, 3, 1, -4839.794128215536, 4754633, 4754633
neos5, 1, 10, 13.340118491561615, 1037957, 1037957
mas74, 1, 8, 10568.052206161918, 5229305, 5229305
gen-ip002, 1, 4, -4838.1712304150315, 4735199, 4735199
mik-250-20-75-4, 1, 8, -54522.95575307594, 220957, 220957
supportcase26, 3, 4, 1360.711844623704, 233355, 233355
neos5, 2, 9, 13.330570678098814, 1278531, 1278531
supportcase26, 3, 3, 1358.707921885676, 241725, 241725
n5-3, 2, 6, 6241.3117967423295, 44875, 44875
n5-3, 1, 6, 6318.954650507365, 43045, 43045
n5-3, 3, 7, 6316.782589814467, 30337, 30337
n5-3, 3, 6, 6262.898044737908, 35451, 35451
neos5, 3, 1, 13.083333333333334, 1518447, 1518447
supportcase26, 1, 3, 1358.11137748771, 256533, 256533
binkar10_1, 2, 8, 6696.125613132214, 273103, 273103
mik-250-20-75-4, 2, 5, -55297.721768019685, 458689, 458689
n5-3, 1, 8, 6571.974756089388, 19677, 19677
binkar10_1, 1, 8, 6696.125613132215, 273859, 273859
binkar10_1, 3, 8, 6696.125613132214, 270737, 270737
neos5, 2, 2, 13.166666666666666, 1449973, 1449973
gen-ip002, 2, 8, -4837.733238717399, 5014985, 5014985
mik-250-20-75-4, 3, 8, -54511.207161174076, 229227, 229227
gen-ip002, 1, 7, -4837.710574717149, 4662033, 4662033
supportcase26, 1, 4, 1360.1153002257379, 269681, 269681
neos5, 1, 3, 13.176229508196723, 1509777, 1509777
mik-250-20-75-4, 1, 4, -55318.34336122993, 483123, 483123
mas74, 1, 3, 10545.068880167519, 4502907, 4502907
mik-250-20-75-4, 3, 5, -55318.34336122993, 483591, 483591
mik-250-20-75-4, 3, 4, -55318.34336122993, 483591, 483591
enlight_hard, 1, 1, 16.333333333333336, 2817645, 2817645
mas74, 2, 4, 10550.610939385531, 4513153, 4513153
neos5, 3, 3, 13.222222222222225, 1519135, 1519135
n5-3, 1, 7, 6441.4377511251005, 29209, 29209
mas74, 3, 5, 10570.037008529995, 6328231, 6328231
mas74, 2, 10, 10576.087092423859, 4392635, 4392635
neos5, 2, 6, 13.29343525179856, 1667453, 1667453
mik-250-20-75-4, 1, 5, -55318.34336122993, 483123, 483123
mik-250-20-75-4, 2, 4, -55297.721768019685, 458689, 458689
neos5, 2, 5, 13.29343525179856, 1656543, 1656543
enlight_hard, 2, 0, 15.5, 3519947, 3519947
gen-ip054, 1, 3, 6766.7320129064, 21980758, 21980758
mas74, 3, 7, 10571.687849175616, 4712947, 4712947
gen-ip054, 1, 0, 6765.209042593413, 24679803, 24679803
mas74, 3, 3, 10544.267679348277, 5244089, 5244089
enlight_hard, 3, 1, 16.214285714285715, 3058949, 3058949
mik-250-20-75-4, 3, 6, -54951.355078427136, 489331, 489331
enlight_hard, 2, 3, 17.924074074074074, 1908455, 1908455
enlight_hard, 1, 0, 15.5, 3356167, 3356167
mik-250-20-75-4, 3, 7, -54592.19116972823, 251143, 251143
enlight_hard, 3, 9, 21.743178341384862, 1346495, 1346495
mas74, 3, 10, 10588.226171151524, 6023227, 6023227
gen-ip054, 1, 5, 6766.9240725586515, 22864735, 22864735
n5-3, 3, 5, 5970.104332850741, 99217, 99217
n5-3, 1, 5, 5937.317517373673, 103337, 103337
mik-250-20-75-4, 1, 2, -56279.5557299843, 989495, 989495
mas74, 1, 7, 10562.310838878884, 5818103, 5818103
gen-ip054, 1, 9, 6767.40790664695, 26824019, 26824019
enlight_hard, 3, 0, 15.5, 3560139, 3560139
mik-250-20-75-4, 2, 7, -54600.675953828344, 211243, 211243
mik-250-20-75-4, 1, 3, -55775.73959968603, 1084159, 1084159
mik-250-20-75-4, 1, 1, -56618.0, 1259211, 1259211
enlight_hard, 2, 8, 21.211939894506553, 1352857, 1352857
neos17, 3, 8, 0.01728944751552144, 352214, 352214
neos17, 3, 7, 0.01728944751552144, 352214, 352214
mas74, 2, 7, 10569.45734593101, 5788693, 5788693
gen-ip054, 3, 4, 6766.808737193561, 21980921, 21980921
neos17, 1, 1, 0.0013151190891775254, 363843, 363843
gen-ip054, 2, 1, 6766.514851611707, 22088180, 22088180
neos17, 3, 6, 0.014179272296135432, 352250, 352250
neos17, 3, 10, 0.01728944751552144, 352214, 352214
mas74, 1, 10, 10578.975169093937, 5753625, 5753625
gen-ip054, 2, 7, 6767.076583909458, 22858218, 22858218
mik-250-20-75-4, 3, 1, -56618.0, 1259211, 1259211
n5-3, 2, 2, 5543.100271014526, 185783, 185783
mik-250-20-75-4, 2, 6, -54931.77002931699, 470767, 470767
gen-ip054, 2, 3, 6766.732012906399, 21980794, 21980794
gen-ip054, 1, 6, 6767.249908298266, 26824020, 26824020
mik-250-20-75-4, 3, 2, -56279.5557299843, 989495, 989495
neos17, 1, 2, 0.003978342986163557, 290616, 290616
n5-3, 3, 4, 5776.007348648177, 145043, 145043
n5-3, 1, 4, 5858.97674346889, 109779, 109779
enlight_hard, 3, 5, 18.752334641014027, 2094615, 2094615
supportcase26, 2, 3, 1357.5863624693714, 455229, 455229
neos17, 3, 5, 0.014179272296135432, 352250, 352250
mik-250-20-75-4, 3, 3, -55775.73959968603, 1084159, 1084159
enlight_hard, 1, 10, 21.77719843075897, 1093375, 1093375
n5-3, 1, 3, 5736.730724475169, 137817, 137817
neos17, 2, 4, 0.002174124227420928, 401803, 401803
mik-250-20-75-4, 1, 6, -54951.35507842713, 488605, 488605
gen-ip054, 2, 5, 6766.9240725586515, 22864818, 22864818
supportcase26, 2, 4, 1361.4276967935984, 453691, 453691
enlight_hard, 1, 7, 20.128604807263773, 1773389, 1773389
mik-250-20-75-4, 2, 1, -56618.0, 1259211, 1259211
gen-ip054, 1, 1, 6766.514851611708, 22088248, 22088248
mik-250-20-75-4, 2, 3, -55754.50348857492, 1068619, 1068619
enlight_hard, 1, 5, 19.25356919930409, 2166885, 2166885
gen-ip054, 1, 7, 6767.0765839094565, 22858200, 22858200
neos17, 3, 3, 0.0043996493316872925, 371351, 371351
neos17, 2, 1, 0.000841189180449917, 361044, 361044
neos17, 2, 2, 0.0017286152409029555, 378409, 378409
gen-ip054, 3, 0, 6765.209042593413, 24679803, 24679803
neos17, 2, 10, 0.002174124227420928, 401803, 401803
neos17, 1, 3, 0.008646311839064896, 431851, 431851
gen-ip054, 2, 0, 6765.209042593413, 24679803, 24679803
enlight_hard, 2, 5, 19.752972618945854, 2394839, 2394839
gen-ip054, 3, 10, 6767.456811295902, 26823913, 26823913
neos17, 2, 0, 0.0006814985014985022, 360877, 360877
neos17, 1, 5, 0.019311449593535857, 431775, 431775
neos17, 3, 1, 0.0008412732123021826, 371268, 371268
supportcase26, 1, 8, 1373.5914858814435, 475307, 475307
gen-ip054, 3, 3, 6766.7320129064, 21980706, 21980706
neos17, 2, 9, 0.002174124227420928, 401803, 401803
neos17, 2, 5, 0.002174124227420928, 401803, 401803
neos17, 1, 6, 0.019755370256624022, 432643, 432643
neos17, 1, 7, 0.02019997565122942, 432147, 432147
neos17, 1, 9, 0.021089186440440208, 431994, 431994
neos17, 2, 6, 0.002174124227420928, 401803, 401803
gen-ip054, 2, 9, 6767.407906646956, 26824047, 26824047
neos17, 1, 8, 0.02064458645667272, 431830, 431830
gen-ip054, 1, 4, 6766.808737193562, 21980780, 21980780
gen-ip054, 2, 4, 6766.808737193562, 21980839, 21980839
neos17, 3, 9, 0.01728944751552144, 352214, 352214
neos17, 3, 4, 0.014179272296135432, 352250, 352250
neos17, 2, 8, 0.002174124227420928, 401803, 401803
gen-ip054, 3, 1, 6766.514851611708, 22088299, 22088299
gen-ip054, 1, 2, 6766.492417252341, 28615907, 28615907
neos17, 1, 10, 0.021533791835045602, 432390, 432390
gen-ip054, 1, 10, 6767.456811295902, 26824005, 26824005
gen-ip054, 2, 10, 6767.456811295903, 26824019, 26824019
gen-ip054, 3, 6, 6767.249908298268, 26824036, 26824036
supportcase26, 1, 1, 1288.1292205219775, 468035, 468035
n5-3, 2, 5, 5781.649660505611, 189959, 189959
gen-ip054, 3, 2, 6766.492417252339, 28615907, 28615907
gen-ip054, 3, 5, 6766.924072558651, 22864725, 22864725
binkar10_1, 1, 7, 6677.534012955135, 859381, 859381
gen-ip054, 3, 8, 6767.374607141949, 26824044, 26824044
gen-ip054, 3, 7, 6767.076583909457, 22858280, 22858280
neos17, 3, 2, 0.003955039446068415, 371229, 371229
neos17, 2, 3, 0.002174124227420928, 401803, 401803
neos17, 1, 4, 0.018421339703425965, 431559, 431559
supportcase26, 2, 1, 1288.1292205219775, 468035, 468035
neos17, 1, 0, 0.0006814985014985022, 361497, 361497
neos17, 2, 7, 0.002174124227420928, 401803, 401803
enlight_hard, 2, 2, 17.733333333333334, 2571237, 2571237
enlight_hard, 3, 6, 20.261559139784946, 1294877, 1294877
gen-ip054, 2, 2, 6766.492417252339, 28615907, 28615907
supportcase26, 3, 1, 1288.129659687485, 468035, 468035
supportcase26, 3, 5, 1365.981300910658, 348177, 348177
gen-ip054, 3, 9, 6767.4079066469485, 26823877, 26823877
enlight_hard, 1, 9, 21.4194891603557, 1115105, 1115105
neos17, 3, 0, 0.0006814985014985022, 361606, 361606
gen-ip054, 2, 6, 6767.249908298265, 26824090, 26824090
enlight_hard, 1, 8, 20.589759434724265, 1600281, 1600281
supportcase26, 1, 0, 1288.1021611356973, 468033, 468033
supportcase26, 3, 0, 1288.1021611356973, 468033, 468033
gen-ip054, 1, 8, 6767.374607141947, 26824111, 26824111
gen-ip054, 2, 8, 6767.374607141947, 26823977, 26823977
supportcase26, 2, 0, 1288.1021611356973, 468033, 468033
enlight_hard, 1, 2, 17.0, 2521739, 2521739
n5-3, 1, 2, 5490.359699607535, 270377, 270377
binkar10_1, 2, 7, 6677.534012955134, 879509, 879509
enlight_hard, 3, 2, 16.9, 2463379, 2463379
enlight_hard, 3, 8, 21.301087066182404, 1738513, 1738513
supportcase26, 2, 5, 1363.375803675109, 452877, 452877
enlight_hard, 3, 3, 17.36130180523773, 2906567, 2906567
enlight_hard, 1, 3, 17.38095238095238, 4637533, 4637533
enlight_hard, 2, 7, 20.645110259320617, 2145887, 2145887
enlight_hard, 2, 10, 22.31289669368857, 1073471, 1073471
supportcase26, 1, 10, 1376.3624606471685, 466203, 466203
supportcase26, 3, 6, 1369.2085515043198, 341261, 341261
supportcase26, 1, 2, 1350.8466992116867, 606935, 606935
enlight_hard, 3, 10, 21.826391625715903, 1212459, 1212459
enlight_hard, 3, 7, 20.94152046783626, 1888365, 1888365
supportcase26, 2, 8, 1372.651859149074, 750067, 750067
mik-250-20-75-4, 2, 2, -56279.555729984306, 989495, 989495
enlight_hard, 1, 6, 19.791512703068314, 2766263, 2766263
enlight_hard, 2, 6, 20.30263735605085, 2182471, 2182471
binkar10_1, 3, 7, 6677.534012955134, 842323, 842323
n5-3, 2, 3, 5466.0280594794785, 414677, 414677
enlight_hard, 3, 4, 18.136485966746672, 3874799, 3874799
supportcase26, 2, 10, 1377.3385110145787, 733965, 733965
enlight_hard, 2, 9, 21.56846567206112, 1326107, 1326107
supportcase26, 2, 9, 1374.8214840462515, 742085, 742085
supportcase26, 1, 9, 1375.3737436539946, 465849, 465849
enlight_hard, 2, 4, 18.698073790808017, 2441697, 2441697
supportcase26, 2, 7, 1371.3806546903106, 695127, 695127
supportcase26, 2, 2, 1350.8466992116867, 606931, 606931
supportcase26, 3, 2, 1351.1216140398722, 630649, 630649
n5-3, 2, 4, 5513.724499163904, 311937, 311937
n5-3, 1, 1, 5103.132317523239, 641757, 641757
fastxgemm-n2r6s0t2, 3, 0, 27.000000000000004, 419765, 419765
fastxgemm-n2r6s0t2, 1, 8, 27.0, 414285, 414285
fastxgemm-n2r6s0t2, 3, 3, 26.999999999999968, 332255, 332255
fastxgemm-n2r6s0t2, 1, 10, 27.0, 403915, 403915
fastxgemm-n2r6s0t2, 2, 0, 27.000000000000004, 419245, 419245
fastxgemm-n2r6s0t2, 1, 6, 27.0, 438753, 438753
enlight_hard, 1, 4, 19.111607142857142, 3739517, 3739517
fastxgemm-n2r6s0t2, 1, 7, 26.999999999999993, 432739, 432739
n5-3, 3, 2, 5307.977165762014, 595131, 595131
enlight_hard, 2, 1, 16.214285714285715, 5479891, 5479891
n5-3, 2, 1, 5033.716546727016, 702159, 702159
fastxgemm-n2r6s0t2, 3, 9, 27.0, 432827, 432827
fastxgemm-n2r6s0t2, 1, 1, 27.0, 347851, 347851
fastxgemm-n2r6s0t2, 1, 9, 27.0, 437077, 437077
fastxgemm-n2r6s0t2, 3, 7, 27.0, 354791, 354791
n5-3, 3, 3, 5575.04728069917, 360339, 360339
fastxgemm-n2r6s0t2, 3, 10, 26.999999999999996, 375745, 375745
fastxgemm-n2r6s0t2, 3, 5, 27.000000000000004, 409521, 409521
fastxgemm-n2r6s0t2, 2, 9, 26.999999999999996, 523631, 523631
fastxgemm-n2r6s0t2, 3, 1, 27.000000000000007, 399863, 399863
fastxgemm-n2r6s0t2, 1, 3, 27.0, 453173, 453173
fastxgemm-n2r6s0t2, 3, 2, 27.000000000000007, 399863, 399863
fastxgemm-n2r6s0t2, 2, 1, 27.0, 527379, 527379
fastxgemm-n2r6s0t2, 2, 3, 27.000000000000018, 525497, 525497
fastxgemm-n2r6s0t2, 2, 5, 27.000000000000018, 567801, 567801
fastxgemm-n2r6s0t2, 2, 6, 27.000000000000018, 567801, 567801
fastxgemm-n2r6s0t2, 1, 2, 27.000000000000004, 440235, 440235
fastxgemm-n2r6s0t2, 3, 6, 27.0, 412017, 412017
fastxgemm-n2r6s0t2, 2, 8, 27.000000000000018, 577803, 577803
fastxgemm-n2r6s0t2, 1, 4, 27.000000000000004, 381949, 381949
fastxgemm-n2r6s0t2, 2, 4, 27.000000000000018, 570535, 570535
fastxgemm-n2r6s0t2, 2, 7, 27.000000000000018, 577803, 577803
fastxgemm-n2r6s0t2, 1, 0, 27.000000000000004, 421977, 421977
fastxgemm-n2r6s0t2, 1, 5, 27.0, 433291, 433291
binkar10_1, 1, 6, 6670.845917199146, 3021101, 3021101
fastxgemm-n2r6s0t2, 3, 4, 26.999999999999996, 439733, 439733
fastxgemm-n2r6s0t2, 2, 10, 27.000000000000014, 487897, 487897
binkar10_1, 2, 6, 6670.845917199146, 2882055, 2882055
fastxgemm-n2r6s0t2, 3, 8, 27.0, 442855, 442855
binkar10_1, 1, 5, 6667.4262905303685, 4348235, 4348235
binkar10_1, 3, 6, 6670.845917199146, 2919171, 2919171
binkar10_1, 2, 5, 6667.4262905303685, 4680069, 4680069
fastxgemm-n2r6s0t2, 2, 2, 27.000000000000025, 567331, 567331
n5-3, 3, 1, 4773.750295218889, 1680983, 1680983
binkar10_1, 3, 5, 6667.4262905303685, 4585391, 4585391
glass-sc, 2, 5, 14.156261554750056, 141283, 141283
glass-sc, 1, 9, 14.187177886234489, 141283, 141283
glass-sc, 1, 8, 14.1853983687452, 141283, 141283
glass-sc, 3, 9, 14.186261754809657, 141283, 141283
glass-sc, 1, 3, 14.158057529940423, 141283, 141283
glass-sc, 1, 6, 14.181939131339309, 141283, 141283
glass-sc, 1, 7, 14.18379799552415, 141283, 141283
glass-sc, 3, 8, 14.187080092662097, 141283, 141283
glass-sc, 2, 2, 14.136571016868718, 141283, 141283
glass-sc, 2, 10, 14.17349588063309, 141283, 141283
binkar10_1, 2, 4, 6664.758836075353, 8796149, 8796149
glass-sc, 2, 4, 14.152232047134312, 141283, 141283
glass-sc, 2, 6, 14.164077696850297, 141283, 141283
glass-sc, 1, 1, 14.10628887428355, 141283, 141283
glass-sc, 3, 4, 14.168337823672275, 141283, 141283
glass-sc, 2, 9, 14.172367132507567, 141283, 141283
glass-sc, 2, 7, 14.16765191582535, 141283, 141283
glass-sc, 2, 3, 14.148712412285677, 141283, 141283
glass-sc, 1, 10, 14.189243447754908, 141283, 141283
glass-sc, 3, 10, 14.188056423965188, 141283, 141283
glass-sc, 3, 7, 14.185917371313064, 141283, 141283
glass-sc, 3, 1, 14.106288874283546, 141283, 141283
mad, 2, 0, -1.1102230246251565e-16, 72569135, 72569135
mad, 3, 1, 2.4424906541753444e-15, 73089883, 73089883
binkar10_1, 1, 4, 6664.758836075353, 8769059, 8769059
mad, 3, 0, -1.1102230246251565e-16, 75355595, 75355595
glass4, 1, 1, 800002400.0, 11218961, 11218961
glass4, 3, 1, 800002400.0, 11506065, 11506065
mad, 2, 2, 2.220446049250313e-16, 72918121, 72918121
glass-sc, 2, 0, 14.080295856534113, 141283, 141283
binkar10_1, 2, 1, 6645.434977850928, 14100957, 14100957
mad, 3, 6, 4.773959005888173e-15, 66833987, 66833987
binkar10_1, 1, 3, 6653.71419738613, 14215927, 14215927
glass-sc, 3, 0, 14.080295856534113, 141283, 141283
binkar10_1, 3, 2, 6646.644274157432, 14523635, 14523635
binkar10_1, 2, 3, 6653.71419738613, 14245375, 14245375
binkar10_1, 2, 2, 6646.644274157433, 14419279, 14419279
glass-sc, 1, 4, 14.168337823672275, 141283, 141283
glass-sc, 1, 0, 14.080295856534113, 141283, 141283
mad, 2, 1, 3.885780586188048e-16, 75331333, 75331333
mad, 2, 3, -1.1102230246251565e-16, 67765487, 67765487
mad, 3, 3, 0.0, 77072889, 77072889
mad, 2, 7, -4.107825191113079e-15, 68954235, 68954235
glass-sc, 1, 5, 14.177915851588628, 141283, 141283
mad, 1, 7, 0.0, 68109839, 68109839
binkar10_1, 3, 3, 6653.71419738613, 14476139, 14476139
binkar10_1, 2, 0, 6637.188026943565, 17522995, 17522995
mad, 2, 6, -3.3306690738754696e-16, 73850111, 73850111
mad, 1, 6, 0.0, 74384043, 74384043
glass4, 2, 1, 800002400.0, 11747311, 11747311
mad, 1, 1, -4.163336342344337e-17, 67847025, 67847025
binkar10_1, 3, 0, 6637.188026943565, 17689985, 17689985
binkar10_1, 3, 1, 6645.434977850928, 14006887, 14006887
binkar10_1, 1, 0, 6637.188026943565, 18012643, 18012643
binkar10_1, 3, 4, 6664.758836075353, 8863191, 8863191
mad, 3, 2, -3.3306690738754696e-16, 69575185, 69575185
supportcase26, 1, 5, 1366.32273098175, 4788301, 4788301
binkar10_1, 1, 1, 6645.434977850928, 15221363, 15221363
mad, 3, 5, 1.1102230246251565e-16, 77849645, 77849645
mad, 3, 10, -1.1102230246251565e-16, 69842405, 69842405
supportcase26, 1, 6, 1369.3096028907207, 3745287, 3745287
binkar10_1, 1, 2, 6646.644274157432, 14848925, 14848925
mad, 3, 4, 0.0, 79654535, 79654535
mad, 1, 3, 0.0, 68092219, 68092219
mad, 1, 8, 0.0, 74016797, 74016797
mad, 1, 9, 0.0, 74229683, 74229683
glass-sc, 2, 1, 14.12329016617734, 141283, 141283
glass-sc, 3, 2, 14.139165798867904, 141283, 141283
glass-sc, 1, 2, 14.1391657988679, 141283, 141283
glass-sc, 2, 8, 14.169669281600193, 141283, 141283
ran14x18-disj-8, 2, 1, 3444.4517726516315, 7540171, 7540171
glass-sc, 3, 3, 14.158057529940422, 141283, 141283
mad, 1, 5, 0.0, 66938657, 66938657
glass-sc, 3, 5, 14.17791585158863, 141283, 141283
ran14x18-disj-8, 3, 8, 3445.0978636627688, 7543289, 7543289
ran14x18-disj-8, 2, 0, 3444.4210654491035, 7657595, 7657595
mad, 2, 4, 1.1102230246251565e-16, 69452357, 69452357
ran14x18-disj-8, 3, 10, 3445.0978636627688, 7543289, 7543289
mad, 2, 8, -1.1102230246251565e-16, 73285621, 73285621
mad, 1, 0, -1.1102230246251565e-16, 79775877, 79775877
ran14x18-disj-8, 3, 9, 3445.0978636627688, 7543289, 7543289
mad, 3, 8, 4.440892098500626e-16, 80012919, 80012919
ran14x18-disj-8, 1, 6, 3445.521111662278, 7366621, 7366621
mad, 2, 9, -1.1102230246251565e-16, 71568461, 71568461
mad, 3, 7, 0.0, 79776039, 79776039
mad, 1, 4, 0.0, 75182031, 75182031
glass4, 3, 0, 800002400.0, 23062879, 23062879
ran14x18-disj-8, 1, 8, 3445.816086437754, 7363833, 7363833
ran14x18-disj-8, 1, 1, 3444.4517726516315, 7537753, 7537753
mad, 3, 9, -1.1102230246251565e-16, 69694603, 69694603
glass4, 2, 0, 800002400.0, 23518033, 23518033
mad, 1, 2, 0.0, 79785661, 79785661
mad, 2, 10, -1.1102230246251565e-16, 72014707, 72014707
mad, 1, 10, 0.0, 70461871, 70461871
ran14x18-disj-8, 2, 2, 3445.0264065815945, 8623037, 8623037
mad, 2, 5, -1.1102230246251565e-16, 78330231, 78330231
ran14x18-disj-8, 1, 5, 3445.4925914103073, 7541255, 7541255
ran14x18-disj-8, 1, 9, 3445.977373798646, 8447863, 8447863
ran14x18-disj-8, 1, 2, 3445.022365757808, 8628957, 8628957
glass4, 1, 0, 800002400.0, 23457715, 23457715
ran14x18-disj-8, 1, 10, 3446.19053527445, 8794427, 8794427
ran14x18-disj-8, 3, 3, 3444.4517726516315, 7541403, 7541403
ran14x18-disj-8, 3, 2, 3444.4517726516315, 7541403, 7541403
ran14x18-disj-8, 3, 0, 3444.4210654491035, 7677951, 7677951
ran14x18-disj-8, 3, 4, 3445.0978636627688, 7543289, 7543289
ran14x18-disj-8, 3, 5, 3445.0978636627688, 7543289, 7543289
ran14x18-disj-8, 3, 6, 3445.0978636627688, 7543289, 7543289
ran14x18-disj-8, 3, 1, 3444.4517726516315, 7541403, 7541403
ran14x18-disj-8, 3, 7, 3445.0978636627688, 7543289, 7543289
ran14x18-disj-8, 2, 4, 3445.237990848434, 7544555, 7544555
ran14x18-disj-8, 2, 7, 3445.56134074696, 7545767, 7545767
ran14x18-disj-8, 2, 5, 3445.481873284832, 8445455, 8445455
glass-sc, 3, 6, 14.181935938351588, 141283, 141283
ran14x18-disj-8, 2, 3, 3445.1792628929124, 8627071, 8627071
ran14x18-disj-8, 1, 0, 3444.4210654491035, 7669687, 7669687
ran14x18-disj-8, 2, 9, 3445.5756649325053, 8539443, 8539443
ran14x18-disj-8, 2, 6, 3445.5897017693283, 8766789, 8766789
ran14x18-disj-8, 2, 10, 3445.589993852452, 8529919, 8529919
supportcase26, 1, 7, 1371.16173296814, 10297787, 10297787
ran14x18-disj-8, 2, 8, 3445.575664950832, 8645259, 8645259
ran14x18-disj-8, 1, 4, 3445.368444969373, 7539559, 7539559
supportcase26, 2, 6, 1369.173560335061, 12303431, 12303431
supportcase26, 3, 7, 1371.826568042685, 10638025, 10638025
ran14x18-disj-8, 1, 3, 3445.3485116492675, 8625361, 8625361
ran14x18-disj-8, 1, 7, 3445.818963818329, 8629923, 8629923
glass4, 2, 2, 800002400.0, 75845975, 75845975
glass4, 1, 2, 800002400.0, 67729041, 67729041
supportcase26, 3, 8, 1373.0882497966459, 23408293, 23408293
glass4, 3, 2, 800002400.0, 139192667, 139192667
mik-250-20-75-4, 1, 0, -61651.227097533185, 221127149, 221127149
mik-250-20-75-4, 3, 0, -61651.227097533185, 221127149, 221127149
supportcase26, 3, 9, 1375.0163511321612, 33594827, 33594827
